%YAML:1.0
aruco_bc_dict: ARUCO_MIP_36h12
aruco_bc_nmarkers: 24
aruco_bc_mInfoType: 0
aruco_bc_markers:
   - { id:186, corners:[ [ -1750., -650., 0. ], [ -1250., -650., 0. ], [
       -1250., -1150., 0. ], [ -1750., -1150., 0. ] ] }
   - { id:235, corners:[ [ -1150., -650., 0. ], [ -650., -650., 0. ], [
       -650., -1150., 0. ], [ -1150., -1150., 0. ] ] }
   - { id:58, corners:[ [ -550., -650., 0. ], [ -50., -650., 0. ], [
       -50., -1150., 0. ], [ -550., -1150., 0. ] ] }
   - { id:143, corners:[ [ 50., -650., 0. ], [ 550., -650., 0. ], [ 550.,
       -1150., 0. ], [ 50., -1150., 0. ] ] }
   - { id:101, corners:[ [ 650., -650., 0. ], [ 1150., -650., 0. ], [
       1150., -1150., 0. ], [ 650., -1150., 0. ] ] }
   - { id:63, corners:[ [ 1250., -650., 0. ], [ 1750., -650., 0. ], [
       1750., -1150., 0. ], [ 1250., -1150., 0. ] ] }
   - { id:41, corners:[ [ -1750., -50., 0. ], [ -1250., -50., 0. ], [
       -1250., -550., 0. ], [ -1750., -550., 0. ] ] }
   - { id:144, corners:[ [ -1150., -50., 0. ], [ -650., -50., 0. ], [
       -650., -550., 0. ], [ -1150., -550., 0. ] ] }
   - { id:141, corners:[ [ -550., -50., 0. ], [ -50., -50., 0. ], [ -50.,
       -550., 0. ], [ -550., -550., 0. ] ] }
   - { id:188, corners:[ [ 50., -50., 0. ], [ 550., -50., 0. ], [ 550.,
       -550., 0. ], [ 50., -550., 0. ] ] }
   - { id:81, corners:[ [ 650., -50., 0. ], [ 1150., -50., 0. ], [ 1150.,
       -550., 0. ], [ 650., -550., 0. ] ] }
   - { id:217, corners:[ [ 1250., -50., 0. ], [ 1750., -50., 0. ], [
       1750., -550., 0. ], [ 1250., -550., 0. ] ] }
   - { id:138, corners:[ [ -1750., 550., 0. ], [ -1250., 550., 0. ], [
       -1250., 50., 0. ], [ -1750., 50., 0. ] ] }
   - { id:151, corners:[ [ -1150., 550., 0. ], [ -650., 550., 0. ], [
       -650., 50., 0. ], [ -1150., 50., 0. ] ] }
   - { id:229, corners:[ [ -550., 550., 0. ], [ -50., 550., 0. ], [ -50.,
       50., 0. ], [ -550., 50., 0. ] ] }
   - { id:85, corners:[ [ 50., 550., 0. ], [ 550., 550., 0. ], [ 550.,
       50., 0. ], [ 50., 50., 0. ] ] }
   - { id:0, corners:[ [ 650., 550., 0. ], [ 1150., 550., 0. ], [ 1150.,
       50., 0. ], [ 650., 50., 0. ] ] }
   - { id:240, corners:[ [ 1250., 550., 0. ], [ 1750., 550., 0. ], [
       1750., 50., 0. ], [ 1250., 50., 0. ] ] }
   - { id:110, corners:[ [ -1750., 1150., 0. ], [ -1250., 1150., 0. ], [
       -1250., 650., 0. ], [ -1750., 650., 0. ] ] }
   - { id:183, corners:[ [ -1150., 1150., 0. ], [ -650., 1150., 0. ], [
       -650., 650., 0. ], [ -1150., 650., 0. ] ] }
   - { id:15, corners:[ [ -550., 1150., 0. ], [ -50., 1150., 0. ], [
       -50., 650., 0. ], [ -550., 650., 0. ] ] }
   - { id:33, corners:[ [ 50., 1150., 0. ], [ 550., 1150., 0. ], [ 550.,
       650., 0. ], [ 50., 650., 0. ] ] }
   - { id:199, corners:[ [ 650., 1150., 0. ], [ 1150., 1150., 0. ], [
       1150., 650., 0. ], [ 650., 650., 0. ] ] }
   - { id:124, corners:[ [ 1250., 1150., 0. ], [ 1750., 1150., 0. ], [
       1750., 650., 0. ], [ 1250., 650., 0. ] ] }
